score,time_seconds,collisions_seconds,seed
//-20 sitefidelity - only SF congestion
78,1200,1230.81,289534
78,1200,1742.5,960114
68,1200,1821.28,129838
69,1200,1490.7,194464
63,1200,1671.95,597856
43,1200,2721.31,97051
41,1200,2758,617951
55,1200,2561.78,990954
66,1200,2156.33,529682
52,1200,2291.34,999427
74,1200,1554.8,479295
75,1200,889.344,890723
35,1200,3276.3,203017
51,1200,2447.56,866673
49,1200,2244.28,446609
59,1200,2304.77,71528
74,1200,1774.44,692523
78,1165.5,1060.69,226205
72,1200,1610.44,456189
76,1200,1639.06,983192
52,1200,2254.12,487323
35,1200,2948.92,163112
43,1200,2677.94,981026
79,1103,812.438,57856
60,1200,2246.23,980987
50,1200,2289.56,678907
54,1200,2586.8,451614
51,1200,2408.94,204983
49,1200,2636.3,41850
59,1200,2150.64,811802
---Averages
score 59.6
collisions_seconds: 2075.32

//-20 sitefidelity - always
46,1200,2727.22,235159
48,1200,2749.34,360290
52,1200,2458.41,869121
56,1200,2372.44,451273
73,1200,1662.77,921502
76,1200,1397.39,291103
77,1200,1031.7,670530
53,1200,2289.02,938199
76,1200,1593.98,556936
42,1200,2594.66,978657
78,1200,1510.39,674521
58,1200,2203.72,160876
46,1200,2852.45,790439
56,1200,2174.52,529096
79,1180.5,1370.17,156076
79,1200,941.109,412102
47,1200,2344.8,820567
43,1200,2947.8,508058
79,1200,1099.83,269236
79,1143,1195.41,752991
79,1200,1135.72,949727
43,1200,2587.61,404683
29,1200,3431.3,142137
58,1200,2248.98,930910
45,1200,2287.48,596340
41,1200,3096.78,366646
66,1200,2024.23,160168
61,1200,1842.31,835048
51,1200,2303.5,475359
79,966.5,877.531,194268
---Averages
score 59.83
collisions_seconds: 1189.67

//normal
40sf/60rs
44,1200,2604.55,361367
38,1200,2834.45,792557
39,1200,2782.23,300986
72,1200,1629.77,824191
78,1200,1538.48,194824
58,1200,1901.3,508653
44,1200,2996.67,977350
60,1200,2190.73,568281
59,1200,2185.2,62099
77,1200,1027.09,676270
68,1200,1981.75,181342
62,1200,2174.33,762510
39,1200,3075.7,340405
37,1200,2714.98,30584
59,1200,2432.84,845303
50,1200,2742.84,606138
41,1200,2737.61,337683
77,1200,1341.28,133005
53,1200,2100.95,655721
49,1200,2529.11,378120
78,1200,1537.19,343982
55,1200,2268.39,951359
41,1200,2362.38,823669
62,1200,2331.89,803840
43,1200,2818.64,658800
75,1200,1257.83,546774
64,1200,2047.42,287197
56,1200,2367.7,954537
49,1200,2457.31,797124
66,1200,2107.77,605607
---Averages
score 56.43
collisions_seconds: 2235.95


//-25 sitefidelity - only SF congestion

46,1200,2713.78,776981
63,1200,1907.22,639776
77,1200,1055.06,367486
57,1200,2519.39,920033
73,1200,1755.81,655843
43,1200,2773.19,355204
77,1200,1568.39,309356
76,1200,1028.7,99303
39,1200,3028.75,807219
59,1200,2518.8,825650
55,1200,2657.36,644591
44,1200,2629.19,458011
47,1200,2359.61,361712
64,1200,2115.91,252151
43,1200,2919.52,39874
59,1200,2181.17,893988
65,1200,1872.84,691403
67,1200,1987.73,486184
45,1200,2697.42,358632
49,1200,2668.36,215201
36,1200,3086.84,103453
31,1200,3023.83,48890
46,1200,2960.53,46856
62,1200,2199.81,986642
78,1200,1521,924111
60,1200,2025.69,611119
68,1200,1841.23,540732
47,1200,2697.33,347901
78,1099.5,1280.88,251271
75,1200,1007.12,279750
---Averages
score 57.63
collisions_seconds: 1196.65

//-15 sitefidelity - only SF congestion

49,1200,2465.72,412442
75,1200,1762.45,376105
69,1200,1459.75,782885
40,1200,3089.42,314038
78,1200,928.391,23449
78,1200,1278.2,572850
49,1200,2667.28,165903
46,1200,2867.86,5832
62,1200,2408.06,892605
53,1200,2276.67,783791
48,1200,2754.97,614557
78,1145.5,946.719,754134
46,1200,2591.8,118561
64,1200,1928.86,147255
67,1200,2015.62,973472
63,1200,1624.64,782475
43,1200,2676.05,512301
64,1200,2124.48,533452
52,1200,2464.06,459752
62,1200,2351.8,567324
44,1200,2650.64,494618
54,1200,2520.48,698377
51,1200,2400.72,806384
60,1200,2063.17,928466
41,1200,3136.33,952298
58,1200,2392.28,24749
51,1200,2358.23,957186
57,1200,2052.88,955396
44,1200,2693.94,859962
64,1200,1962.83,882856

---Averages
score 57.00
collisions_seconds: 2230.48

//-20 sitefidelity - only SF congestion
//50/50 SF-RS
59,1200,2075.83,86763
67,1200,1665.14,494272
76,1200,1267.05,870033
59,1200,2213.78,145936
28,1200,3352.16,635166
47,1200,2571.95,312666
55,1200,2422.38,906661
66,1200,2107.41,534703
74,1200,1038.53,216994
63,1200,2482.72,761158
69,1200,1656.27,478354
70,1200,1464.59,78442
57,1200,2324.91,655431
51,1200,2594.69,378337
70,1200,1637.78,183140
37,1200,3027.84,791483
61,1200,2176.97,680412
60,1200,2050.83,469528
31,1200,3127.92,252640
61,1200,2023.41,105340
47,1200,2124.91,860279
59,1200,1953.38,699955
59,1200,2530.31,572262
61,1200,1567.52,424627
56,1200,2512.52,242016
79,1183.5,1124.95,47906
72,1200,1555.75,582067
75,1200,1342.42,340136
75,1200,1450.25,105615
53,1200,2998.55,806401

---Averages
score 59.90
collisions_seconds: 2148.09

//-20 sitefidelity - only SF congestion
//60/40 SF-RS76,1200,955.672,947743

49,1200,2941.95,744240
47,1200,2717.39,497600
76,1200,1641.58,335290
54,1200,2431.88,969220
74,1200,1214.52,811897
79,1197,1379.47,510665
46,1200,2714.75,98588
66,1200,1813.88,985095
66,1200,1836.14,695548
78,1200,1460.91,462223
53,1200,2306.61,113195
76,1200,1902,962619
42,1200,2807.83,856298
41,1200,2941.34,937392
48,1200,2628.59,941995
47,1200,2640.02,974559
45,1200,2689.19,970229
38,1200,3029.45,967230
45,1200,2601.27,37731
75,1200,1839.67,10955
42,1200,2808.47,763980
58,1200,2431.27,740890
50,1200,3050.2,670647
53,1200,2416.86,630730
42,1200,2928.97,615876
40,1200,2869.88,577886
55,1200,2054.67,571060
54,1200,2302.75,426392
68,1200,1731.53,439948
57,1200,2326.16,276608

---Averages
score 55.47
collisions_seconds: 2348.64

//-20 sitefidelity - only SF congestion
//45/55 SF-RS
38,1200,2963.33,975971
46,1200,2784.97,37279
32,1200,3545.02,771810
48,1200,2518.14,787183
76,1200,1111.72,516531
64,1200,1993.3,151137
55,1200,2618.88,940559
47,1200,2670.92,764212
59,1200,2117.27,653786
40,1200,3311.77,468239
62,1200,2034.69,467857
35,1200,3202.66,327500
41,1200,3171.89,382269
23,1200,3776.12,349031
71,1200,1153.73,438958
70,1200,1218.14,183416
48,1200,2887.36,789514
43,1200,2521.48,772925
73,1200,1478.06,712720
40,1200,2852.41,499153
79,1200,945.938,434887
55,1200,2516.92,38813
67,1200,2164.14,956769
76,1200,1112.23,835631
39,1200,2764.38,537645
68,1200,1835.34,642507
65,1200,1915.81,521437
61,1200,2308.33,463376
37,1200,3308.41,410104
34,1200,2710.44,425815

---Averages
score 53.07
collisions_seconds: 2383.79

//-20 sitefidelity - only SF congestion
//35/65 SF-RS
48,1200,2529.38,214910
51,1200,2488.7,358459
78,1134,1082.86,983989
61,1200,2426.62,34200
41,1200,2959.69,728494
60,1200,2316.73,510513
50,1200,2787.28,202538
78,1200,1295.03,970707
49,1200,2522.47,461154
79,1163,1037.64,201943
50,1200,2265.94,570693
56,1200,2104.52,346982
45,1200,2633.86,195286
69,1200,1676.31,152827
65,1200,1415.08,30412
50,1200,2491.38,848158
62,1200,1983.41,740300
75,1200,1492.97,538155
52,1200,2489.73,182121
72,1200,1783.55,139856
69,1200,1226.52,928744
76,1200,1643.27,681493
50,1200,2581.14,440202
63,1200,1822.39,264842
74,1200,1129,86352
57,1200,2000.22,828418
70,1200,1852.83,753677
53,1200,2521.72,582463
69,1200,1414.12,525802
74,1200,1248.42,312241

---Averages
score 61.53
collisions_seconds: 1974.09

//normal
//35/65 SF-RS
58,1200,2763.27,157288
73,1200,1048.91,420101
61,1200,1833.78,907747
70,1200,2013.91,464128
78,1200,1302.59,54728
60,1200,1951.97,528622
70,1200,2091.31,272807
46,1200,2354.72,12965
79,1167,1331.8,795099
60,1200,2111.52,226896
59,1200,2054.56,40046
36,1200,3144.39,966430
46,1200,2483.58,883099
66,1200,1853.58,762369
79,1078,1088.11,499501
57,1200,1947.86,564153
75,1200,1498.64,427469
68,1200,1834.42,84689
59,1200,1749.84,881296
73,1200,1578.41,708688
37,1200,2772.56,474798
71,1200,1096.64,245201
46,1200,2846.44,933213
59,1200,2356.95,4217
74,1200,1592.19,894103
43,1200,2335.19,686239
46,1200,2682.61,759356
67,1200,1788.8,861979
51,1200,2343.69,775208
54,1200,2091.45,650357

---Averages
score 60.70
collisions_seconds: 1998.12

//-25 sitefidelity - only SF congestion
//35/65 SF-RS
54,1200,2584.23,670075
57,1200,2294.84,824103
52,1200,2635.73,489706
77,1200,1647.56,181996
72,1200,1550.41,717832
77,1151.5,1347.58,320164
71,1200,1586.78,603099
56,1200,2556.08,183241
68,1200,1692.97,987308
50,1200,2439.08,618823
54,1200,2550.23,407364
49,1200,2561.56,212543
77,1200,1502.72,32408
79,1056.5,1443.08,658681
77,1200,1520.58,409385
75,1200,1322.86,187751
75,1200,1455.81,939312
65,1200,1852.28,631485
49,1200,2371.97,423316
61,1200,1889.45,329935
46,1200,2524.33,169750
77,1200,868.609,258883
41,1200,2515.78,999943
54,1200,2494.52,67690
72,1200,1611.22,32015
37,1200,3117.19,950458
74,1200,1049.55,195654
56,1200,2016.44,20875
69,1200,1866.3,972877
54,1200,2305.09,759451

---Averages
score 62.50
collisions_seconds: 1193.60
71,1200,1695.53,227123


A:with SF only RS
B:without SF only RS
C:after adjusting parameters

B vs A
Score: +52.6%
Collisions: −43.7%
C vs B
Score: +172.6%
Collisions: −44.5%
C vs A
Score: +315.7%
Collisions: −68.7%


//after prob equation with -25 sf delay
62,1200,2380.52,318318
77,1200,1212.38,568185
78,1200,967.234,610193
52,1200,2380.56,599969
66,1200,2204,923767
78,1200,1370.58,154025
43,1200,2658.86,237568
79,1200,1074.98,709192
44,1200,2647.08,902691
49,1200,2927.38,268412
59,1200,1923.91,733960
55,1200,2379.92,188742
48,1200,2577.09,577248
62,1200,2110.73,65524
72,1200,1679.11,529332
52,1200,2402.34,863438
78,1080.5,1108.53,382226
67,1200,2004.52,973117
60,1200,2092.45,497000
52,1200,2315.78,83506
71,1200,1715.84,540597
79,1200,918.312,955874
73,1200,1759.45,402020
61,1200,1915.39,867845
44,1200,3007.08,451089
65,1200,1943.88,36355
59,1200,2309.09,610901
51,1200,2570.56,228552
70,1200,1414.08,880198
78,1200,1119.94,384317

average:
score: 63.53
collisions_seconds: 2013.23

//prob function but not delay sf(-25)
63,1200,2155.92,996803
56,1200,2043.62,651802
74,1200,1144.03,950933
75,1200,1732.84,52679
77,1200,1091.33,508165
50,1200,2579,752922
64,1200,2021.41,170543
53,1200,2195.72,580718
36,1200,2843.66,68857
77,1200,1579.39,618305
79,1200,1550.33,970588
78,1200,1346.08,244746
66,1200,2046.83,652485
58,1200,1936,192911
36,1200,3444.98,617629
77,1200,1217.86,334503
73,1200,1254.84,707409
76,1200,1740.58,37585
65,1200,1867.84,432148
72,1200,1353.27,962703
57,1200,2171.56,442183
72,1200,1854.36,31166
67,1200,1865.58,676753
63,1200,1557.22,259332
61,1200,1887.95,839866
45,1200,2602.22,378628
74,1200,1309.05,84314
78,1200,1472.08,591776
62,1200,2062.91,91334
79,1198,804.656,767889


average:
score: 64.57
collisions_seconds: 1767.80

//after prob equation with -20 sf delay
73,1200,1489.23,834485
76,1200,1090.8,25405
79,1136.5,1085.39,391158
79,995.5,907.703,373389
75,1200,1449.98,208790
78,1200,1576.31,541708
78,1200,1076.31,28398
48,1200,2353.73,417582
76,1200,1455.22,93886
77,1200,1547.97,665733
78,1200,1357.64,155972
70,1200,2044.66,633797
68,1200,2082.73,301704
74,1200,1477.59,865058
70,1200,1972.84,383876
48,1200,2689.11,979843
67,1200,1936.89,734905
44,1200,2636.83,393522
76,1200,1538.47,89443
58,1200,2217.52,614314
78,1200,1074.86,242831
75,1200,1424.08,735350
64,1200,1837.7,381768
71,1200,1642.84,29546
66,1200,2079.45,739719
75,1200,1427.19,422213
71,1200,1624.58,47370
59,1200,2343.59,695571
66,1200,1863.62,421208
67,1200,2033.45,78392

Averages
score	69.23
collisions_seconds	1,727.95



//after prob equation with -15 sf delay
63,1200,1941.23,768040
66,1200,1812.75,278495
70,1200,2053.5,669977
43,1200,3086.86,933413
67,1200,1446.34,626609
53,1200,1914.83,92765
41,1200,2596.94,671448
63,1200,2152.39,374449
47,1200,2611.47,986628
73,1200,1901.92,692690
57,1200,2385.8,317004
76,1200,1194.75,12320
55,1200,2190.84,615363
46,1200,2560.83,328168
70,1200,1836.66,65060
78,1200,1647.55,683369
56,1200,2368.64,277066
43,1200,2694.64,9472
49,1200,2633.41,827857
60,1200,1933.86,642101
79,1108,1090.77,315430
58,1200,2197.39,295510
59,1200,2150.86,987509
49,1200,2405.7,685750
53,1200,2432.44,491869
60,1200,1914.84,239832
42,1200,3214.81,17889
68,1200,1380.61,932445
55,1200,2519.98,676015
53,1200,2344.86,433634
45,1200,2658.14,248553

//after prob equation with -10 sf delay
56,1200,2446.42,711634
70,1200,1606.86,593547
53,1200,2513,202758
61,1200,1893.88,12144
74,1200,1157.89,806411
61,1200,2193.47,392621
53,1200,2351.59,138168
46,1200,2452.75,846031
60,1200,2241.36,694192
79,1097.5,953.688,360660
70,1200,1959.06,244857
59,1200,1892.08,911145
70,1200,2099.73,639922
36,1200,2845.02,276664
72,1200,1607.67,138050
46,1200,2376.67,827478
70,1200,1634.67,648311
44,1200,2678.11,401362
71,1200,1613.83,182191
76,1200,1479.58,858382
45,1200,2589.61,572572
42,1200,2731.34,385510
77,1200,1842.42,247817
77,1200,1427.06,2228
78,1200,1370.48,781502
79,1200,1225.72,480744
73,1200,1516.81,75897
77,1200,1414.81,762424
76,1200,1757.23,516512
75,1200,1586.95,282703

averages: 
score	64.20
collisions_seconds	1,915.33

//after prob equation with -30 sf delay
63,1200,2057.98,566647
51,1200,2240.42,433444
56,1200,2219.39,325598
46,1200,2737.97,53934
67,1200,2054.92,831816
63,1200,1697.17,544865
63,1200,2213.64,277867
78,1200,1329.92,100481
40,1200,2609.38,718834
67,1200,1690.09,585372
55,1200,2248.61,346637
79,1200,943.281,83623
79,1200,1038.25,626934
69,1200,2021.97,206290
77,1200,1126.66,873174
65,1200,1980.45,536047
62,1200,2143.12,331125
64,1200,1961.17,93091
69,1200,1840.2,866327
52,1200,2578.53,823869
73,1200,1734.66,687413
40,1200,2814.75,509459
79,1200,925.141,475480
56,1200,2294.23,37235
46,1200,2572.33,885582
79,1007.5,1113.55,502460
45,1200,2735.34,933339
66,1200,1621.5,733487
75,1200,1335.39,508067
72,1200,1203.41,163436

average
score	63.20
collisions_seconds	1,902.78

//after prob equation with -18 sf delay
78,1200,1296.3,715168
77,1200,1160.81,249899
71,1200,1655.94,637204
61,1200,1926.67,126332
46,1200,2699.61,692881
41,1200,2754.22,411859
28,1200,3321.69,124192
65,1200,2166.62,960262
72,1200,1824.72,627089
78,1200,1088.97,336429
66,1200,2159.06,840564
69,1200,1947.16,668400
69,1200,1589.44,527390
71,1200,1121.84,301810
59,1200,2119.05,72142
76,1200,1456.86,896098
64,1200,1664.16,686144
68,1200,1222.67,589583
69,1200,1900.09,368909
70,1200,1844.08,239774
76,1200,1620.98,189241
26,1200,3059.66,895109
66,1200,1866.06,835116
78,1200,1404.7,628581
63,1200,2291.16,348318
78,1200,1174.84,171968
76,1200,1556.33,631133
61,1200,1794.83,312665
76,1200,1517,85407
66,1200,2115.03,750714

average 
score	65.47
collisions_seconds	1844.02
26,1200,3059.66,895109


//equation and sf delay 20 but 50 runs

78,1200,1757.11,714790
48,1200,2646.09,894544
56,1200,2300.22,317069
73,1200,1867.58,607799
51,1200,2325.05,763239
63,1200,1898.75,155917
67,1200,1873.22,430316
77,1200,1480.91,649070
68,1200,1984.12,815289
53,1200,2478.8,71815
53,1200,2315.44,491969
77,1200,1291.11,863299
63,1200,2122.02,62334
76,1200,1824.52,417277
44,1200,2560.02,675968
50,1200,2386.84,154880
51,1200,2842.16,632330
79,1127,1108.5,70402
74,1200,1521.31,904449
72,1200,1750.27,243753
63,1200,2136.8,682226
76,1200,1572.25,112899
53,1200,2394.69,463013
79,1122,1468.55,991273
66,1200,2174.27,668931
78,1092,1064.55,124542
72,1200,1312.78,740471
66,1200,1754.92,124335
70,1200,1604.47,702315
65,1200,1944.05,65247
77,1026,1044.16,521784
45,1200,2594.94,864004
78,1200,1538.5,415630
76,1200,1270.78,763298
59,1200,2191.44,113906
72,1200,1675.44,588475
48,1200,2714.91,42443
71,1200,1713.67,954180
33,1200,2594.34,410428
38,1200,2427.3,113314
78,1165.5,1362.28,714679
79,1195.5,1433.95,951504
73,1200,1598.09,320360
63,1200,1794.55,802548
77,1200,1059.52,367789
68,1200,1278.45,753227
74,1200,1853.77,241290
76,1200,1154.33,778923
58,1200,2094.3,188004
78,1200,1422.52,756417


53,1200,2236.17,1847
63,1200,1921,350511
57,1200,1744.06,696784
71,1200,1259.55,980786
51,1200,2763,142232
79,1200,1169.23,531751
78,1200,1516.14,887156
79,1198.5,1305.91,275639
62,1200,1868.42,543425
79,1109,971.469,902187
72,1200,1484.58,605945
53,1200,2554.53,879694
73,1200,1535.61,356257
75,1200,1490.11,643900
54,1200,2118.53,969276
59,1200,2175.48,444327
79,1161.5,963.562,914359
70,1200,1846.84,982266
71,1200,1671.44,448806
64,1200,1781.55,915599
75,1200,1193.52,333530
58,1200,2374.72,755220
69,1200,1893.42,274470
67,1200,1712.08,804819
59,1200,2538.73,299264
78,1200,1238.47,900440
49,1200,2364.64,306282
79,1200,1298.73,903134
67,1200,1491.97,293161
78,1200,1509.02,848312


//now with 32 robots
38,1200,4059.56,272527
37,1200,3848.19,585198
39,1200,3465.03,919010
38,1200,3569.62,334325
26,1200,4930.06,130949
33,1200,3961.06,5868
32,1200,4257.69,899502
39,1200,3613.44,532387
25,1200,4047.59,316673
37,1200,4210.45,186936
31,1200,4108.38,307736
37,1200,4356.78,823233
46,1200,3368.8,301971
45,1200,3077.89,821203
44,1200,3167.75,180904
26,1200,4981.94,417187
31,1200,4571.19,151147
45,1200,3452.92,792119
39,1200,3829.98,326210
34,1200,3725.08,887713
39,1200,3599.45,551235
30,1200,3839.53,68208
30,1200,4682.67,628718
41,1200,3632.77,201179
23,1200,4071.83,636882
45,1200,3160.5,266575
31,1200,3950.56,757178
30,1200,4131.39,476438
37,1200,3780.55,61437
35,1200,3752.44,573437

averages
score: 35.43
collisions_seconds: 3906.84
